Circuit breaker Open/Close Status, Disconnector Open/Close Status, Earth switch Open/Close Status, Protection system healthy (Trip circuit healthy), Control level - Local or remote, Protection tripped, Circuit breaker mechanical failure, Auxiliary power failure, Intertrip command send, Intertrip command receive, Current Line 'L1', Current Line 'L2', Current Line 'L3', Voltage Phase 'L1-N', Voltage Phase 'L2-N', Voltage Phase 'L3-N', Active Power, Reactive power, Frequency, Power Factor
1,1,0,1,False,False,1,False,False,False,248,251,246,6346,6349,6359,3999773,2450000,50.02,0.87
1,1,0,1,False,False,1,False,False,False,249,249,249,6341,6353,6345,4000000,2450000,50.01,0.85
1,1,0,1,False,False,1,False,False,False,249,247,250,6360,6361,6344,4000084,2450190,50.05,0.87
1,1,0,1,False,False,1,False,False,False,246,246,243,6352,6344,6361,4000451,2449520,50.04,0.84
1,1,0,1,False,False,1,False,False,False,249,246,244,6352,6354,6342,3999906,2450332,50.01,0.87
1,1,0,1,False,False,1,False,False,False,249,246,246,6344,6349,6348,4000410,2450000,50.0,0.87
1,1,0,1,False,False,1,False,False,False,244,247,250,6348,6349,6348,3999819,2450035,49.95,0.84
1,1,0,1,False,False,1,False,False,False,248,248,246,6343,6342,6360,4000000,2449770,50.04,0.86
1,1,0,1,False,False,1,False,False,False,247,246,244,6351,6358,6355,3999892,2450000,50.02,0.86
1,1,0,1,False,False,1,False,False,False,244,248,249,6351,6358,6355,3999541,2449691,49.96,0.87
1,1,0,1,False,False,1,False,False,False,0,0,0,0,0,0,0,0,0.0,0.0
1,1,0,1,False,False,1,False,False,False,244,241,244,6351,6358,6355,3999625,2450000,50.02,0.87
1,1,0,1,False,False,1,False,False,False,245,242,246,6351,6358,6355,4000202,2450118,49.97,0.86
1,1,0,1,False,False,1,False,False,False,246,247,244,6351,6358,6355,4000000,2450000,50.01,0.83
1,1,0,1,False,False,1,False,False,False,247,244,245,6351,6358,6355,4000000,2450431,49.99,0.83
1,1,0,1,False,False,1,False,False,False,248,249,246,6351,6358,6355,4000000,2450000,50.02,0.87
1,1,0,1,False,False,1,False,False,False,249,246,246,6351,6358,6355,4000438,2450384,50.0,0.86
1,1,0,1,False,False,1,False,False,False,250,246,243,6351,6358,6355,4000000,2449681,49.96,0.85
1,1,0,1,False,False,1,False,False,False,251,243,250,6351,6358,6355,4000467,2450000,50.0,0.86
1,1,0,1,False,False,1,False,False,False,252,242,246,6351,6358,6355,4000004,2450000,50.0,0.85
1,1,0,1,False,False,1,False,False,False,253,249,246,6351,6358,6355,3999711,2449775,50.04,0.86
1,1,0,1,False,False,1,False,False,False,254,242,244,6351,6358,6355,4000395,2450259,50.03,0.85
1,1,0,1,False,False,1,False,False,False,255,245,246,6351,6358,6355,4000303,2449577,49.97,0.86
1,1,0,1,False,False,1,False,False,False,256,246,246,6351,6358,6355,3999887,2450000,49.96,0.85
1,1,0,1,False,False,1,False,False,False,257,245,242,6351,6358,6355,4000000,2450499,50.0,0.85
1,1,0,1,False,False,1,False,False,False,258,246,246,6351,6358,6355,4000000,2450000,50.02,0.85
1,1,0,1,False,False,1,False,False,False,259,249,249,6351,6358,6355,3999879,2450000,49.99,0.84
1,1,0,1,False,False,1,False,False,False,260,246,245,6351,6358,6355,4000022,2449700,50.0,0.85
1,1,0,1,False,False,1,False,False,False,261,244,250,6351,6358,6355,4000319,2449727,50.01,0.84
1,1,0,1,False,False,1,False,False,False,262,249,250,6351,6358,6355,3999608,2450000,50.0,0.87
1,1,0,1,False,False,1,False,False,False,263,251,248,6351,6358,6355,3999821,2450389,49.95,0.85
1,1,0,1,False,False,1,False,False,False,264,244,247,6351,6358,6355,4000431,2450000,49.96,0.85
1,1,0,1,False,False,1,False,False,False,265,246,245,6351,6358,6355,4000360,2450000,50.0,0.85
1,1,0,1,False,False,1,False,False,False,266,251,248,6351,6358,6355,4000000,2450000,50.0,0.85
1,1,0,1,False,False,1,False,False,False,267,247,244,6351,6358,6355,4000226,2449934,50.01,0.85
1,1,0,1,False,False,1,False,False,False,268,246,250,6351,6358,6355,4000000,2450000,50.0,0.84
1,1,0,1,False,False,1,False,False,False,269,247,246,6351,6358,6355,4000242,2450000,49.98,0.86
1,1,0,1,False,False,1,False,False,False,270,245,241,6351,6358,6355,4000115,2450000,50.0,0.85
1,1,0,1,False,False,1,False,False,False,271,246,250,6351,6358,6355,4000367,2450496,50.0,0.84
1,1,0,1,False,False,1,False,False,False,272,246,246,6351,6358,6355,4000000,2450000,50.0,0.85
1,1,0,1,False,False,1,False,False,False,273,246,242,6351,6358,6355,4000000,2449921,50.0,0.83
1,1,0,1,False,False,1,False,False,False,274,249,246,6351,6358,6355,3999860,2450190,50.02,0.87
1,1,0,1,False,False,1,False,False,False,275,246,246,6351,6358,6355,3999646,2450257,50.0,0.85
1,1,0,1,False,False,1,False,False,False,276,251,242,6351,6358,6355,4000000,2449693,50.0,0.83
1,1,0,1,False,False,1,False,False,False,277,243,246,6351,6358,6355,4000000,2450000,49.97,0.85
1,1,0,1,False,False,1,False,False,False,278,246,245,6351,6358,6355,4000204,2449790,50.0,0.85
1,1,0,1,False,False,1,False,False,False,279,246,246,6351,6358,6355,4000000,2450000,50.0,0.85
1,1,0,1,False,False,1,False,False,False,280,246,246,6351,6358,6355,3999606,2449535,50.0,0.85
1,1,0,1,False,False,1,False,False,False,281,246,247,6351,6358,6355,4000000,2449787,50.0,0.85
1,1,0,1,False,False,1,False,False,False,282,246,246,6351,6358,6355,4000345,2450000,50.0,0.85
1,1,0,1,False,False,1,False,False,False,283,249,247,6351,6358,6355,4000427,2450189,50.03,0.85
1,1,0,1,False,False,1,False,False,False,284,246,251,6351,6358,6355,3999698,2450000,49.96,0.83
1,1,0,1,False,False,1,False,False,False,285,243,248,6351,6358,6355,3999643,2450000,50.05,0.84
1,1,0,1,False,False,1,False,False,False,286,245,246,6351,6358,6355,3999732,2449609,50.04,0.85
1,1,0,1,False,False,1,False,False,False,287,246,250,6351,6358,6355,4000000,2450000,50.03,0.85
1,1,0,1,False,False,1,False,False,False,288,246,246,6351,6358,6355,3999883,2449898,50.0,0.83
1,1,0,1,False,False,1,False,False,False,289,245,242,6351,6358,6355,4000366,2450000,49.97,0.86
1,1,0,1,False,False,1,False,False,False,290,246,249,6351,6358,6355,3999595,2450000,50.0,0.86
1,1,0,1,False,False,1,False,False,False,291,246,246,6351,6358,6355,4000000,2450000,50.0,0.86
1,1,0,1,False,False,1,False,False,False,292,246,246,6351,6358,6355,4000485,2450000,49.97,0.85
1,1,0,1,False,False,1,False,False,False,293,246,249,6351,6358,6355,4000377,2450121,50.0,0.85
1,1,0,1,False,False,1,False,False,False,294,246,244,6351,6358,6355,4000000,2449701,50.0,0.84
1,1,0,1,False,False,1,False,False,False,295,246,250,6351,6358,6355,4000000,2450000,50.03,0.85
1,1,0,1,False,False,1,False,False,False,296,246,242,6351,6358,6355,4000176,2450243,50.0,0.84
1,1,0,1,False,False,1,False,False,False,297,250,246,6351,6358,6355,4000000,2449657,50.0,0.84
1,1,0,1,False,False,1,False,False,False,298,245,246,6351,6358,6355,4000000,2449792,50.01,0.85
1,1,0,1,False,False,1,False,False,False,299,242,246,6351,6358,6355,4000156,2450000,50.0,0.83
1,1,0,1,False,False,1,False,False,False,300,251,250,6351,6358,6355,4000410,2449701,50.0,0.84
1,1,0,1,False,False,1,False,False,False,301,249,248,6351,6358,6355,4000433,2450000,50.0,0.85
1,1,0,1,False,False,1,False,False,False,302,246,246,6351,6358,6355,3999577,2450229,50.04,0.83
1,1,0,1,False,False,1,False,False,False,303,245,246,6351,6358,6355,4000411,2449727,50.0,0.87
1,1,0,1,False,False,1,False,False,False,304,246,249,6351,6358,6355,3999824,2450151,50.0,0.85
1,1,0,1,False,False,1,False,False,False,305,247,250,6351,6358,6355,4000000,2450262,50.0,0.85
1,1,0,1,False,False,1,False,False,False,306,249,248,6351,6358,6355,4000000,2449913,50.0,0.86
1,1,0,1,False,False,1,False,False,False,307,247,246,6351,6358,6355,3999728,2450000,50.0,0.83
1,1,0,1,False,False,1,False,False,False,308,241,248,6351,6358,6355,4000000,2450000,49.96,0.87
1,1,0,1,False,False,1,False,False,False,309,248,244,6351,6358,6355,3999934,2449931,49.95,0.84
1,1,0,1,False,False,1,False,False,False,310,246,245,6351,6358,6355,4000443,2449728,49.99,0.85
1,1,0,1,False,False,1,False,False,False,311,247,246,6351,6358,6355,4000097,2450000,50.0,0.85
1,1,0,1,False,False,1,False,False,False,312,250,247,6351,6358,6355,4000379,2450341,50.04,0.86
1,1,0,1,False,False,1,False,False,False,313,244,241,6351,6358,6355,4000163,2450249,50.0,0.85
1,1,0,1,False,False,1,False,False,False,314,251,248,6351,6358,6355,3999790,2450000,50.04,0.86
1,1,0,1,False,False,1,False,False,False,315,247,248,6351,6358,6355,4000284,2450295,50.0,0.85
1,1,0,1,False,False,1,False,False,False,316,243,246,6351,6358,6355,4000000,2450000,50.01,0.86
1,1,0,1,False,False,1,False,False,False,317,246,246,6351,6358,6355,3999915,2449764,50.04,0.85
1,1,0,1,False,False,1,False,False,False,318,248,250,6351,6358,6355,4000000,2450000,50.0,0.84
1,1,0,1,False,False,1,False,False,False,319,243,242,6351,6358,6355,4000460,2450138,49.98,0.85
1,1,0,1,False,False,1,False,False,False,320,248,246,6351,6358,6355,4000367,2450455,50.0,0.87
1,1,0,1,False,False,1,False,False,False,321,241,247,6351,6358,6355,4000062,2450000,50.0,0.85
1,1,0,1,False,False,1,False,False,False,322,246,246,6351,6358,6355,4000089,2449548,49.97,0.86
1,1,0,1,False,False,1,False,False,False,323,246,246,6351,6358,6355,3999615,2450000,49.96,0.86
1,1,0,1,False,False,1,False,False,False,324,249,246,6351,6358,6355,4000000,2449924,50.0,0.85
1,1,0,1,False,False,1,False,False,False,325,245,242,6351,6358,6355,3999967,2449762,50.04,0.85
1,1,0,1,False,False,1,False,False,False,326,242,246,6351,6358,6355,4000466,2450126,49.97,0.85
1,1,0,1,False,False,1,False,False,False,327,250,246,6351,6358,6355,4000000,2449715,50.0,0.85
1,1,0,1,False,False,1,False,False,False,328,243,243,6351,6358,6355,3999903,2450434,50.0,0.83
1,1,0,1,False,False,1,False,False,False,329,250,247,6351,6358,6355,4000005,2450436,49.97,0.85
1,1,0,1,False,False,1,False,False,False,330,246,246,6351,6358,6355,4000306,2450055,50.03,0.85
1,1,0,1,False,False,1,False,False,False,331,244,242,6351,6358,6355,3999616,2450098,50.0,0.84
1,1,0,1,False,False,1,False,False,False,332,246,242,6351,6358,6355,4000091,2449813,50.0,0.85
1,1,0,1,False,False,1,False,False,False,333,246,247,6351,6358,6355,4000402,2450431,49.96,0.85
1,1,0,1,False,False,1,False,False,False,334,250,246,6351,6358,6355,4000000,2449615,50.0,0.85
1,1,0,1,False,False,1,False,False,False,335,242,249,6351,6358,6355,4000000,2449560,50.0,0.85
1,1,0,1,False,False,1,False,False,False,336,246,241,6351,6358,6355,4000091,2449676,50.03,0.86
1,1,0,1,False,False,1,False,False,False,337,246,246,6351,6358,6355,4000000,2450293,49.95,0.85
1,1,0,1,False,False,1,False,False,False,338,248,246,6351,6358,6355,4000000,2449517,50.02,0.85
1,1,0,1,False,False,1,False,False,False,339,250,246,6351,6358,6355,3999927,2450000,50.02,0.86
1,1,0,1,False,False,1,False,False,False,340,243,247,6351,6358,6355,4000000,2450417,49.98,0.87
1,1,0,1,False,False,1,False,False,False,341,246,246,6351,6358,6355,4000000,2449778,50.0,0.85
1,1,0,1,False,False,1,False,False,False,342,246,242,6351,6358,6355,4000000,2450000,50.0,0.86
1,1,0,1,False,False,1,False,False,False,343,248,243,6351,6358,6355,3999949,2449730,50.0,0.83
1,1,0,1,False,False,1,False,False,False,344,246,248,6351,6358,6355,4000000,2449875,50.01,0.85
1,1,0,1,False,False,1,False,False,False,345,246,248,6351,6358,6355,4000247,2449652,50.0,0.85
1,1,0,1,False,False,1,False,False,False,346,244,241,6351,6358,6355,4000117,2449828,50.0,0.84
1,1,0,1,False,False,1,False,False,False,347,244,245,6351,6358,6355,4000000,2450000,50.0,0.84
1,1,0,1,False,False,1,False,False,False,348,247,244,6351,6358,6355,3999807,2450292,49.95,0.87
1,1,0,1,False,False,1,False,False,False,349,248,248,6351,6358,6355,4000000,2449531,50.01,0.86
1,1,0,1,False,False,1,False,False,False,350,246,242,6351,6358,6355,3999808,2450000,50.0,0.84
1,1,0,1,False,False,1,False,False,False,351,245,246,6351,6358,6355,4000000,2450000,50.0,0.85
1,1,0,1,False,False,1,False,False,False,352,246,246,6351,6358,6355,4000000,2449912,50.05,0.83
1,1,0,1,False,False,1,False,False,False,353,246,246,6351,6358,6355,3999653,2450462,50.01,0.86
1,1,0,1,False,False,1,False,False,False,354,247,244,6351,6358,6355,4000000,2450000,49.98,0.83
1,1,0,1,False,False,1,False,False,False,355,246,242,6351,6358,6355,3999953,2449781,50.0,0.83
1,1,0,1,False,False,1,False,False,False,356,251,246,6351,6358,6355,4000364,2449802,50.0,0.86
1,1,0,1,False,False,1,False,False,False,357,246,247,6351,6358,6355,4000211,2450000,50.04,0.83
1,1,0,1,False,False,1,False,False,False,358,243,246,6351,6358,6355,4000043,2450000,50.02,0.84
1,1,0,1,False,False,1,False,False,False,359,246,241,6351,6358,6355,4000428,2449914,49.98,0.85
1,1,0,1,False,False,1,False,False,False,360,241,246,6351,6358,6355,4000278,2450000,50.0,0.85
1,1,0,1,False,False,1,False,False,False,361,246,245,6351,6358,6355,4000045,2450000,50.0,0.85
1,1,0,1,False,False,1,False,False,False,362,248,249,6351,6358,6355,3999711,2450000,49.96,0.84
1,1,0,1,False,False,1,False,False,False,363,250,249,6351,6358,6355,4000034,2450000,50.0,0.85
1,1,0,1,False,False,1,False,False,False,364,246,246,6351,6358,6355,3999637,2450475,49.97,0.83
1,1,0,1,False,False,1,False,False,False,365,247,250,6351,6358,6355,3999942,2449567,50.01,0.86
1,1,0,1,False,False,1,False,False,False,366,246,242,6351,6358,6355,4000318,2450021,50.01,0.86
1,1,0,1,False,False,1,False,False,False,367,248,247,6351,6358,6355,3999851,2450000,50.0,0.85
1,1,0,1,False,False,1,False,False,False,368,249,247,6351,6358,6355,3999945,2450092,50.0,0.85
1,1,0,1,False,False,1,False,False,False,369,241,243,6351,6358,6355,4000461,2449897,50.0,0.86
1,1,0,1,False,False,1,False,False,False,370,247,248,6351,6358,6355,3999507,2449659,50.0,0.86
1,1,0,1,False,False,1,False,False,False,371,249,249,6351,6358,6355,3999724,2450000,50.0,0.86
1,1,0,1,False,False,1,False,False,False,372,246,246,6351,6358,6355,3999587,2449680,49.96,0.85
1,1,0,1,False,False,1,False,False,False,373,248,246,6351,6358,6355,4000338,2450000,49.96,0.85
1,1,0,1,False,False,1,False,False,False,374,244,246,6351,6358,6355,4000000,2450103,50.01,0.85
1,1,0,1,False,False,1,False,False,False,375,246,250,6351,6358,6355,4000000,2450496,50.04,0.85
1,1,0,1,False,False,1,False,False,False,376,249,247,6351,6358,6355,4000000,2450166,50.0,0.85
1,1,0,1,False,False,1,False,False,False,377,246,245,6351,6358,6355,4000000,2449629,50.0,0.87
1,1,0,1,False,False,1,False,False,False,378,248,246,6351,6358,6355,4000000,2449830,49.96,0.85
1,1,0,1,False,False,1,False,False,False,379,248,246,6351,6358,6355,4000219,2450001,50.0,0.85
1,1,0,1,False,False,1,False,False,False,380,243,246,6351,6358,6355,3999725,2450000,50.05,0.85
1,1,0,1,False,False,1,False,False,False,381,242,248,6351,6358,6355,4000000,2449710,49.97,0.85
1,1,0,1,False,False,1,False,False,False,382,244,245,6351,6358,6355,4000000,2449724,50.0,0.84
1,1,0,1,False,False,1,False,False,False,383,241,246,6351,6358,6355,3999702,2449751,50.0,0.86
1,1,0,1,False,False,1,False,False,False,384,246,249,6351,6358,6355,4000470,2450297,49.97,0.83
1,1,0,1,False,False,1,False,False,False,385,244,242,6351,6358,6355,4000492,2450342,50.0,0.84
1,1,0,1,False,False,1,False,False,False,386,248,248,6351,6358,6355,3999883,2450000,50.04,0.85
1,1,0,1,False,False,1,False,False,False,387,246,241,6351,6358,6355,4000000,2449827,50.03,0.84
1,1,0,1,False,False,1,False,False,False,388,245,243,6351,6358,6355,4000000,2449869,50.0,0.85
1,1,0,1,False,False,1,False,False,False,389,244,246,6351,6358,6355,4000175,2450000,50.02,0.86
1,1,0,1,False,False,1,False,False,False,390,242,243,6351,6358,6355,4000119,2449689,50.04,0.86
1,1,0,1,False,False,1,False,False,False,391,245,249,6351,6358,6355,4000000,2450000,50.0,0.87
1,1,0,1,False,False,1,False,False,False,392,251,244,6351,6358,6355,3999617,2450237,50.03,0.86
1,1,0,1,False,False,1,False,False,False,393,241,244,6351,6358,6355,3999769,2450074,49.95,0.85
1,1,0,1,False,False,1,False,False,False,394,246,247,6351,6358,6355,4000027,2450000,49.97,0.85
1,1,0,1,False,False,1,False,False,False,395,243,246,6351,6358,6355,4000205,2450428,50.01,0.83
1,1,0,1,False,False,1,False,False,False,396,246,246,6351,6358,6355,4000360,2450000,50.0,0.85
1,1,0,1,False,False,1,False,False,False,397,246,247,6351,6358,6355,4000349,2450291,50.04,0.85
1,1,0,1,False,False,1,False,False,False,398,246,246,6351,6358,6355,4000000,2450137,50.0,0.86
1,1,0,1,False,False,1,False,False,False,399,246,246,6351,6358,6355,4000000,2450000,49.98,0.84
1,1,0,1,False,False,1,False,False,False,400,244,246,6351,6358,6355,3999822,2450005,50.0,0.85
1,1,0,1,False,False,1,False,False,False,401,246,241,6351,6358,6355,4000000,2450000,50.05,0.87
1,1,0,1,False,False,1,False,False,False,402,246,250,6351,6358,6355,4000000,2450036,50.0,0.84
1,1,0,1,False,False,1,False,False,False,403,246,248,6351,6358,6355,4000000,2450422,50.01,0.85
1,1,0,1,False,False,1,False,False,False,404,242,249,6351,6358,6355,4000000,2449685,50.0,0.87
1,1,0,1,False,False,1,False,False,False,405,242,246,6351,6358,6355,4000000,2450315,50.0,0.84
1,1,0,1,False,False,1,False,False,False,406,246,246,6351,6358,6355,3999772,2449919,50.0,0.85
1,1,0,1,False,False,1,False,False,False,407,242,250,6351,6358,6355,3999842,2450000,50.0,0.84
1,1,0,1,False,False,1,False,False,False,408,247,250,6351,6358,6355,4000000,2449847,50.0,0.85
1,1,0,1,False,False,1,False,False,False,409,244,242,6351,6358,6355,4000000,2449787,50.0,0.86
1,1,0,1,False,False,1,False,False,False,410,243,242,6351,6358,6355,3999831,2449504,49.99,0.86
1,1,0,1,False,False,1,False,False,False,411,250,246,6351,6358,6355,4000000,2450000,50.0,0.85
1,1,0,1,False,False,1,False,False,False,412,248,246,6351,6358,6355,4000000,2449593,50.0,0.84
1,1,0,1,False,False,1,False,False,False,413,247,245,6351,6358,6355,3999858,2450000,50.01,0.84
1,1,0,1,False,False,1,False,False,False,414,244,245,6351,6358,6355,4000000,2449580,49.95,0.86
1,1,0,1,False,False,1,False,False,False,415,241,247,6351,6358,6355,4000000,2450000,49.96,0.85
1,1,0,1,False,False,1,False,False,False,416,242,243,6351,6358,6355,4000000,2449536,50.0,0.85
1,1,0,1,False,False,1,False,False,False,417,246,243,6351,6358,6355,4000000,2450042,49.96,0.85
1,1,0,1,False,False,1,False,False,False,418,242,246,6351,6358,6355,4000000,2450452,50.0,0.87
1,1,0,1,False,False,1,False,False,False,419,244,246,6351,6358,6355,4000203,2449955,50.01,0.85
1,1,0,1,False,False,1,False,False,False,420,246,246,6351,6358,6355,4000216,2450000,50.0,0.86
1,1,0,1,False,False,1,False,False,False,421,247,246,6351,6358,6355,3999678,2450178,49.95,0.84
1,1,0,1,False,False,1,False,False,False,422,246,246,6351,6358,6355,4000000,2449549,49.98,0.85
1,1,0,1,False,False,1,False,False,False,423,247,246,6351,6358,6355,4000000,2450000,50.01,0.84
1,1,0,1,False,False,1,False,False,False,424,246,242,6351,6358,6355,4000000,2450000,50.0,0.85
1,1,0,1,False,False,1,False,False,False,425,247,246,6351,6358,6355,4000000,2450114,50.04,0.85
1,1,0,1,False,False,1,False,False,False,426,248,246,6351,6358,6355,4000000,2449863,49.98,0.86
1,1,0,1,False,False,1,False,False,False,427,244,249,6351,6358,6355,4000499,2449712,50.02,0.85
1,1,0,1,False,False,1,False,False,False,428,251,246,6351,6358,6355,4000266,2450458,50.04,0.85
1,1,0,1,False,False,1,False,False,False,429,246,246,6351,6358,6355,3999933,2449610,49.97,0.85
1,1,0,1,False,False,1,False,False,False,430,243,249,6351,6358,6355,4000000,2449539,50.0,0.84
1,1,0,1,False,False,1,False,False,False,431,246,244,6351,6358,6355,4000435,2450000,50.04,0.85
1,1,0,1,False,False,1,False,False,False,432,245,246,6351,6358,6355,4000000,2450000,50.01,0.85
1,1,0,1,False,False,1,False,False,False,433,246,249,6351,6358,6355,4000311,2449731,49.97,0.85
1,1,0,1,False,False,1,False,False,False,434,251,246,6351,6358,6355,4000000,2449629,50.0,0.85
1,1,0,1,False,False,1,False,False,False,435,246,245,6351,6358,6355,4000000,2450014,50.02,0.84
1,1,0,1,False,False,1,False,False,False,436,249,246,6351,6358,6355,3999994,2450300,50.0,0.83
1,1,0,1,False,False,1,False,False,False,437,248,245,6351,6358,6355,4000292,2450030,50.0,0.84
1,1,0,1,False,False,1,False,False,False,438,247,246,6351,6358,6355,3999920,2449646,49.96,0.86
1,1,0,1,False,False,1,False,False,False,439,251,246,6351,6358,6355,4000000,2450317,49.99,0.83
1,1,0,1,False,False,1,False,False,False,440,247,243,6351,6358,6355,3999978,2450077,49.96,0.83
1,1,0,1,False,False,1,False,False,False,441,249,246,6351,6358,6355,4000000,2450286,50.04,0.85
1,1,0,1,False,False,1,False,False,False,442,242,246,6351,6358,6355,4000000,2450000,50.01,0.85
1,1,0,1,False,False,1,False,False,False,443,244,246,6351,6358,6355,4000000,2450292,50.0,0.85
1,1,0,1,False,False,1,False,False,False,444,247,246,6351,6358,6355,4000000,2450173,50.0,0.85
1,1,0,1,False,False,1,False,False,False,445,246,246,6351,6358,6355,3999570,2450424,50.04,0.85
1,1,0,1,False,False,1,False,False,False,446,243,248,6351,6358,6355,4000240,2450048,50.0,0.85
1,1,0,1,False,False,1,False,False,False,447,246,242,6351,6358,6355,3999881,2450000,49.97,0.85
1,1,0,1,False,False,1,False,False,False,448,248,246,6351,6358,6355,4000000,2449897,50.01,0.86
1,1,0,1,False,False,1,False,False,False,449,246,246,6351,6358,6355,4000134,2450238,49.99,0.85
1,1,0,1,False,False,1,False,False,False,450,249,250,6351,6358,6355,3999926,2450000,49.98,0.84
1,1,0,1,False,False,1,False,False,False,451,250,246,6351,6358,6355,4000465,2450000,49.96,0.85
1,1,0,1,False,False,1,False,False,False,452,247,248,6351,6358,6355,3999737,2450092,49.99,0.84
1,1,0,1,False,False,1,False,False,False,453,243,247,6351,6358,6355,4000000,2450000,49.98,0.85
1,1,0,1,False,False,1,False,False,False,454,242,246,6351,6358,6355,4000442,2450207,49.95,0.84
1,1,0,1,False,False,1,False,False,False,455,244,245,6351,6358,6355,3999650,2449756,50.0,0.85
1,1,0,1,False,False,1,False,False,False,456,248,249,6351,6358,6355,4000293,2450000,50.02,0.85
1,1,0,1,False,False,1,False,False,False,457,246,246,6351,6358,6355,4000000,2449777,50.0,0.85
1,1,0,1,False,False,1,False,False,False,458,246,246,6351,6358,6355,4000153,2449549,50.0,0.83
1,1,0,1,False,False,1,False,False,False,459,246,242,6351,6358,6355,4000372,2449618,49.97,0.85
1,1,0,1,False,False,1,False,False,False,460,246,250,6351,6358,6355,4000302,2449958,49.98,0.86
1,1,0,1,False,False,1,False,False,False,461,241,247,6351,6358,6355,3999930,2449957,50.0,0.85
1,1,0,1,False,False,1,False,False,False,462,247,246,6351,6358,6355,4000000,2449639,49.99,0.83
1,1,0,1,False,False,1,False,False,False,463,250,246,6351,6358,6355,4000071,2449983,49.96,0.85
1,1,0,1,False,False,1,False,False,False,464,246,242,6351,6358,6355,4000000,2449762,50.01,0.85
1,1,0,1,False,False,1,False,False,False,465,245,250,6351,6358,6355,4000018,2449530,49.97,0.85
1,1,0,1,False,False,1,False,False,False,466,246,247,6351,6358,6355,3999617,2450000,50.0,0.86
1,1,0,1,False,False,1,False,False,False,467,246,249,6351,6358,6355,4000000,2449722,50.0,0.84
1,1,0,1,False,False,1,False,False,False,468,246,250,6351,6358,6355,4000323,2450000,50.05,0.85
1,1,0,1,False,False,1,False,False,False,469,242,249,6351,6358,6355,4000000,2450000,50.0,0.85
1,1,0,1,False,False,1,False,False,False,470,246,250,6351,6358,6355,3999533,2449612,49.97,0.84
1,1,0,1,False,False,1,False,False,False,471,245,244,6351,6358,6355,4000000,2450000,50.0,0.85
1,1,0,1,False,False,1,False,False,False,472,247,246,6351,6358,6355,4000000,2450140,50.0,0.86
1,1,0,1,False,False,1,False,False,False,473,251,247,6351,6358,6355,3999552,2450034,50.0,0.85
1,1,0,1,False,False,1,False,False,False,474,246,242,6351,6358,6355,4000121,2450000,50.02,0.84
1,1,0,1,False,False,1,False,False,False,475,246,248,6351,6358,6355,4000000,2450388,49.95,0.87
1,1,0,1,False,False,1,False,False,False,476,245,250,6351,6358,6355,3999822,2450359,50.0,0.85
1,1,0,1,False,False,1,False,False,False,477,245,245,6351,6358,6355,4000350,2449608,49.97,0.86
1,1,0,1,False,False,1,False,False,False,478,241,248,6351,6358,6355,3999913,2450037,49.97,0.85
1,1,0,1,False,False,1,False,False,False,479,251,246,6351,6358,6355,3999848,2449792,50.01,0.86
1,1,0,1,False,False,1,False,False,False,480,245,244,6351,6358,6355,4000000,2450000,49.97,0.86
1,1,0,1,False,False,1,False,False,False,481,246,249,6351,6358,6355,4000242,2450000,50.0,0.85
1,1,0,1,False,False,1,False,False,False,482,246,247,6351,6358,6355,4000000,2449788,50.02,0.85
1,1,0,1,False,False,1,False,False,False,483,251,246,6351,6358,6355,3999727,2450220,49.98,0.83
1,1,0,1,False,False,1,False,False,False,484,243,246,6351,6358,6355,4000272,2450000,50.01,0.85
1,1,0,1,False,False,1,False,False,False,485,246,246,6351,6358,6355,4000430,2449577,50.0,0.84
1,1,0,1,False,False,1,False,False,False,486,244,242,6351,6358,6355,3999769,2450236,50.0,0.85
1,1,0,1,False,False,1,False,False,False,487,246,246,6351,6358,6355,3999708,2449720,50.03,0.84
1,1,0,1,False,False,1,False,False,False,488,246,248,6351,6358,6355,4000000,2450439,50.02,0.84
1,1,0,1,False,False,1,False,False,False,489,246,246,6351,6358,6355,3999655,2450211,49.98,0.85
1,1,0,1,False,False,1,False,False,False,490,243,246,6351,6358,6355,3999734,2450443,50.0,0.84
1,1,0,1,False,False,1,False,False,False,491,250,246,6351,6358,6355,4000159,2449775,50.03,0.86
1,1,0,1,False,False,1,False,False,False,492,242,251,6351,6358,6355,4000231,2449848,50.02,0.85
1,1,0,1,False,False,1,False,False,False,493,246,250,6351,6358,6355,4000000,2450000,49.98,0.87
1,1,0,1,False,False,1,False,False,False,494,246,246,6351,6358,6355,4000420,2449913,50.02,0.85
1,1,0,1,False,False,1,False,False,False,495,243,246,6351,6358,6355,3999667,2449810,49.96,0.84
1,1,0,1,False,False,1,False,False,False,496,242,243,6351,6358,6355,3999756,2450000,49.95,0.85
1,1,0,1,False,False,1,False,False,False,497,250,246,6351,6358,6355,3999871,2450242,49.96,0.83
1,1,0,1,False,False,1,False,False,False,498,244,246,6351,6358,6355,4000119,2449772,50.0,0.85
1,1,0,1,False,False,1,False,False,False,499,247,246,6351,6358,6355,3999584,2450202,50.02,0.87
1,1,0,1,False,False,1,False,False,False,500,246,244,6351,6358,6355,3999551,2449737,50.04,0.85
1,1,0,1,False,False,1,False,False,False,501,244,246,6351,6358,6355,4000000,2450000,50.04,0.85
1,1,0,1,False,False,1,False,False,False,502,246,245,6351,6358,6355,4000000,2450000,50.04,0.84
1,1,0,1,False,False,1,False,False,False,503,246,246,6351,6358,6355,4000000,2450257,50.0,0.83
1,1,0,1,False,False,1,False,False,False,504,247,241,6351,6358,6355,3999669,2449990,49.98,0.83
1,1,0,1,False,False,1,False,False,False,505,246,246,6351,6358,6355,4000000,2450202,49.96,0.83
1,1,0,1,False,False,1,False,False,False,506,246,244,6351,6358,6355,3999800,2450000,50.03,0.85
1,1,0,1,False,False,1,False,False,False,507,246,246,6351,6358,6355,3999557,2450000,50.0,0.86
1,1,0,1,False,False,1,False,False,False,508,246,246,6351,6358,6355,4000000,2449918,50.0,0.83
1,1,0,1,False,False,1,False,False,False,509,246,244,6351,6358,6355,4000000,2450000,50.0,0.86
1,1,0,1,False,False,1,False,False,False,510,249,248,6351,6358,6355,4000000,2450000,50.0,0.85
1,1,0,1,False,False,1,False,False,False,511,249,248,6351,6358,6355,4000239,2449511,50.0,0.85
1,1,0,1,False,False,1,False,False,False,512,246,246,6351,6358,6355,3999689,2449887,50.0,0.85
1,1,0,1,False,False,1,False,False,False,513,243,242,6351,6358,6355,4000377,2450000,50.0,0.83
1,1,0,1,False,False,1,False,False,False,514,246,242,6351,6358,6355,4000036,2450000,50.0,0.84
1,1,0,1,False,False,1,False,False,False,515,246,246,6351,6358,6355,4000000,2450230,50.01,0.86
1,1,0,1,False,False,1,False,False,False,516,245,246,6351,6358,6355,4000070,2450000,50.03,0.85
1,1,0,1,False,False,1,False,False,False,517,242,246,6351,6358,6355,3999673,2449955,49.99,0.85
1,1,0,1,False,False,1,False,False,False,518,243,242,6351,6358,6355,4000001,2450201,50.0,0.83
1,1,0,1,False,False,1,False,False,False,519,246,246,6351,6358,6355,4000000,2449873,50.0,0.85
1,1,0,1,False,False,1,False,False,False,520,248,246,6351,6358,6355,4000120,2450322,50.0,0.85
1,1,0,1,False,False,1,False,False,False,521,246,250,6351,6358,6355,4000363,2450185,50.0,0.85
1,1,0,1,False,False,1,False,False,False,522,249,246,6351,6358,6355,4000448,2450088,50.0,0.84
1,1,0,1,False,False,1,False,False,False,523,244,246,6351,6358,6355,3999835,2449575,50.0,0.84
1,1,0,1,False,False,1,False,False,False,524,245,245,6351,6358,6355,4000000,2450000,49.97,0.86
1,1,0,1,False,False,1,False,False,False,525,244,246,6351,6358,6355,3999730,2450376,50.0,0.85
1,1,0,1,False,False,1,False,False,False,526,246,244,6351,6358,6355,4000000,2450129,50.05,0.85
1,1,0,1,False,False,1,False,False,False,527,246,246,6351,6358,6355,4000000,2449822,50.0,0.85
1,1,0,1,False,False,1,False,False,False,528,247,247,6351,6358,6355,3999621,2450000,49.98,0.85
1,1,0,1,False,False,1,False,False,False,529,246,246,6351,6358,6355,4000036,2449705,50.0,0.85
1,1,0,1,False,False,1,False,False,False,530,246,244,6351,6358,6355,4000000,2450024,49.96,0.86
1,1,0,1,False,False,1,False,False,False,531,243,245,6351,6358,6355,4000000,2449980,49.96,0.86
1,1,0,1,False,False,1,False,False,False,532,244,246,6351,6358,6355,4000000,2449550,50.02,0.85
1,1,0,1,False,False,1,False,False,False,533,249,243,6351,6358,6355,3999705,2450000,49.95,0.86
1,1,0,1,False,False,1,False,False,False,534,244,243,6351,6358,6355,3999884,2450417,49.97,0.85
1,1,0,1,False,False,1,False,False,False,535,250,246,6351,6358,6355,3999747,2450000,50.0,0.85
1,1,0,1,False,False,1,False,False,False,536,246,246,6351,6358,6355,4000066,2450174,49.97,0.85
1,1,0,1,False,False,1,False,False,False,537,246,249,6351,6358,6355,4000000,2450427,50.0,0.86
1,1,0,1,False,False,1,False,False,False,538,246,247,6351,6358,6355,4000061,2450163,50.0,0.85
1,1,0,1,False,False,1,False,False,False,539,242,241,6351,6358,6355,4000271,2450407,50.04,0.86
1,1,0,1,False,False,1,False,False,False,540,247,244,6351,6358,6355,4000316,2450113,50.0,0.86
1,1,0,1,False,False,1,False,False,False,541,247,251,6351,6358,6355,4000000,2450000,50.0,0.85
1,1,0,1,False,False,1,False,False,False,542,242,246,6351,6358,6355,3999681,2450000,49.97,0.84
1,1,0,1,False,False,1,False,False,False,543,248,242,6351,6358,6355,4000423,2449747,50.0,0.85
1,1,0,1,False,False,1,False,False,False,544,246,246,6351,6358,6355,4000397,2450127,49.97,0.85
1,1,0,1,False,False,1,False,False,False,545,246,245,6351,6358,6355,4000344,2450000,50.0,0.85
1,1,0,1,False,False,1,False,False,False,546,246,246,6351,6358,6355,4000000,2450007,50.04,0.85
1,1,0,1,False,False,1,False,False,False,547,246,246,6351,6358,6355,4000000,2450060,50.04,0.85
1,1,0,1,False,False,1,False,False,False,548,243,243,6351,6358,6355,3999602,2449872,50.0,0.86
1,1,0,1,False,False,1,False,False,False,549,246,246,6351,6358,6355,4000000,2449519,50.0,0.85
1,1,0,1,False,False,1,False,False,False,550,246,246,6351,6358,6355,3999940,2450080,49.95,0.84
1,1,0,1,False,False,1,False,False,False,551,250,242,6351,6358,6355,4000000,2450085,50.0,0.87
1,1,0,1,False,False,1,False,False,False,552,245,246,6351,6358,6355,4000206,2450470,50.0,0.85
1,1,0,1,False,False,1,False,False,False,553,242,249,6351,6358,6355,4000266,2449717,50.0,0.84
1,1,0,1,False,False,1,False,False,False,554,248,246,6351,6358,6355,3999693,2450000,50.04,0.85
1,1,0,1,False,False,1,False,False,False,555,245,246,6351,6358,6355,4000303,2449671,49.97,0.85
1,1,0,1,False,False,1,False,False,False,556,244,250,6351,6358,6355,4000000,2449639,49.96,0.87
1,1,0,1,False,False,1,False,False,False,557,246,248,6351,6358,6355,4000000,2450099,50.0,0.85
1,1,0,1,False,False,1,False,False,False,558,246,246,6351,6358,6355,4000005,2450000,50.0,0.85
1,1,0,1,False,False,1,False,False,False,559,246,250,6351,6358,6355,4000000,2450000,50.0,0.83
1,1,0,1,False,False,1,False,False,False,560,246,244,6351,6358,6355,4000288,2450000,49.96,0.85
1,1,0,1,False,False,1,False,False,False,561,249,249,6351,6358,6355,4000118,2450000,50.01,0.87
1,1,0,1,False,False,1,False,False,False,562,248,246,6351,6358,6355,4000200,2450000,50.0,0.83
1,1,0,1,False,False,1,False,False,False,563,242,246,6351,6358,6355,3999938,2449964,50.0,0.83
1,1,0,1,False,False,1,False,False,False,564,244,249,6351,6358,6355,4000344,2450259,50.0,0.85
1,1,0,1,False,False,1,False,False,False,565,246,251,6351,6358,6355,4000210,2450462,50.0,0.84
1,1,0,1,False,False,1,False,False,False,566,246,246,6351,6358,6355,4000000,2450200,50.04,0.85
1,1,0,1,False,False,1,False,False,False,567,242,249,6351,6358,6355,3999753,2450400,50.0,0.86
1,1,0,1,False,False,1,False,False,False,568,250,246,6351,6358,6355,4000360,2450153,50.0,0.84
1,1,0,1,False,False,1,False,False,False,569,244,246,6351,6358,6355,3999794,2450000,49.96,0.83
1,1,0,1,False,False,1,False,False,False,570,241,245,6351,6358,6355,3999906,2449970,50.0,0.86
1,1,0,1,False,False,1,False,False,False,571,249,244,6351,6358,6355,4000171,2449508,50.02,0.85
1,1,0,1,False,False,1,False,False,False,572,241,245,6351,6358,6355,4000412,2449966,49.98,0.84
1,1,0,1,False,False,1,False,False,False,573,248,247,6351,6358,6355,4000000,2450018,49.97,0.85
1,1,0,1,False,False,1,False,False,False,574,245,242,6351,6358,6355,3999840,2450000,50.03,0.85
1,1,0,1,False,False,1,False,False,False,575,246,249,6351,6358,6355,3999659,2450208,49.98,0.85
1,1,0,1,False,False,1,False,False,False,576,245,246,6351,6358,6355,3999618,2450170,49.95,0.85
1,1,0,1,False,False,1,False,False,False,577,246,246,6351,6358,6355,4000256,2450000,49.97,0.86
1,1,0,1,False,False,1,False,False,False,578,249,242,6351,6358,6355,3999943,2449742,49.99,0.85
1,1,0,1,False,False,1,False,False,False,579,244,242,6351,6358,6355,3999775,2449805,50.0,0.84
1,1,0,1,False,False,1,False,False,False,580,244,246,6351,6358,6355,4000023,2450261,50.0,0.85
1,1,0,1,False,False,1,False,False,False,581,246,243,6351,6358,6355,4000368,2449719,50.0,0.84
1,1,0,1,False,False,1,False,False,False,582,246,250,6351,6358,6355,4000118,2450000,50.03,0.87
1,1,0,1,False,False,1,False,False,False,583,251,248,6351,6358,6355,4000207,2450000,50.0,0.86
1,1,0,1,False,False,1,False,False,False,584,250,242,6351,6358,6355,4000416,2449559,49.98,0.83
1,1,0,1,False,False,1,False,False,False,585,246,246,6351,6358,6355,3999790,2450373,50.0,0.85
1,1,0,1,False,False,1,False,False,False,586,246,251,6351,6358,6355,4000279,2450355,50.0,0.86
1,1,0,1,False,False,1,False,False,False,587,251,246,6351,6358,6355,4000494,2449912,50.0,0.87
1,1,0,1,False,False,1,False,False,False,588,246,246,6351,6358,6355,3999697,2450000,49.95,0.85
1,1,0,1,False,False,1,False,False,False,589,247,246,6351,6358,6355,4000464,2450042,50.0,0.85
1,1,0,1,False,False,1,False,False,False,590,246,247,6351,6358,6355,4000000,2449569,49.95,0.86
1,1,0,1,False,False,1,False,False,False,591,248,244,6351,6358,6355,4000000,2449842,50.03,0.85
1,1,0,1,False,False,1,False,False,False,592,244,251,6351,6358,6355,4000449,2450000,49.96,0.86
1,1,0,1,False,False,1,False,False,False,593,246,246,6351,6358,6355,4000307,2450069,49.98,0.83
1,1,0,1,False,False,1,False,False,False,594,246,248,6351,6358,6355,4000453,2450414,50.01,0.85
1,1,0,1,False,False,1,False,False,False,595,246,250,6351,6358,6355,4000304,2450000,50.0,0.85
1,1,0,1,False,False,1,False,False,False,596,243,246,6351,6358,6355,3999785,2450000,49.98,0.83
1,1,0,1,False,False,1,False,False,False,597,249,246,6351,6358,6355,4000000,2450286,50.0,0.85
1,1,0,1,False,False,1,False,False,False,598,248,246,6351,6358,6355,4000391,2449527,50.0,0.86
1,1,0,1,False,False,1,False,False,False,599,246,246,6351,6358,6355,3999616,2450000,50.02,0.84
1,1,0,1,False,False,1,False,False,False,600,246,241,6351,6358,6355,4000000,2449708,49.98,0.86
1,1,0,1,False,False,1,False,False,False,601,247,247,6351,6358,6355,4000000,2450000,49.98,0.85
1,1,0,1,False,False,1,False,False,False,602,246,246,6351,6358,6355,4000000,2449557,50.0,0.85
1,1,0,1,False,False,1,False,False,False,603,242,242,6351,6358,6355,4000000,2450337,50.04,0.85
1,1,0,1,False,False,1,False,False,False,604,246,246,6351,6358,6355,3999791,2450158,50.0,0.86
1,1,0,1,False,False,1,False,False,False,605,244,246,6351,6358,6355,4000000,2450000,49.99,0.85
1,1,0,1,False,False,1,False,False,False,606,248,247,6351,6358,6355,4000000,2450000,50.0,0.87
1,1,0,1,False,False,1,False,False,False,607,244,243,6351,6358,6355,3999526,2450000,49.95,0.85
1,1,0,1,False,False,1,False,False,False,608,247,243,6351,6358,6355,4000000,2450099,50.03,0.85
1,1,0,1,False,False,1,False,False,False,609,243,246,6351,6358,6355,3999507,2450481,49.96,0.86
1,1,0,1,False,False,1,False,False,False,610,247,246,6351,6358,6355,3999955,2449592,49.99,0.85
1,1,0,1,False,False,1,False,False,False,611,247,246,6351,6358,6355,4000000,2450112,50.0,0.85
1,1,0,1,False,False,1,False,False,False,612,251,241,6351,6358,6355,4000003,2450000,49.98,0.85
1,1,0,1,False,False,1,False,False,False,613,246,251,6351,6358,6355,4000000,2450000,50.0,0.85
1,1,0,1,False,False,1,False,False,False,614,250,246,6351,6358,6355,4000199,2450323,50.02,0.84
1,1,0,1,False,False,1,False,False,False,615,249,247,6351,6358,6355,4000000,2450000,49.97,0.85
1,1,0,1,False,False,1,False,False,False,616,249,251,6351,6358,6355,4000000,2449777,49.97,0.85
1,1,0,1,False,False,1,False,False,False,617,249,248,6351,6358,6355,4000000,2450286,49.97,0.86
1,1,0,1,False,False,1,False,False,False,618,244,246,6351,6358,6355,3999684,2450000,50.0,0.85
1,1,0,1,False,False,1,False,False,False,619,244,245,6351,6358,6355,4000000,2450471,50.0,0.84
1,1,0,1,False,False,1,False,False,False,620,246,247,6351,6358,6355,4000000,2450112,49.97,0.86
1,1,0,1,False,False,1,False,False,False,621,246,248,6351,6358,6355,4000170,2450111,50.0,0.85
1,1,0,1,False,False,1,False,False,False,622,246,250,6351,6358,6355,3999526,2450203,50.0,0.85
1,1,0,1,False,False,1,False,False,False,623,244,246,6351,6358,6355,4000000,2449940,49.98,0.84
1,1,0,1,False,False,1,False,False,False,624,244,246,6351,6358,6355,4000000,2449706,50.0,0.85
1,1,0,1,False,False,1,False,False,False,625,246,250,6351,6358,6355,4000000,2450000,50.0,0.86
1,1,0,1,False,False,1,False,False,False,626,246,243,6351,6358,6355,4000165,2449890,50.0,0.85
1,1,0,1,False,False,1,False,False,False,627,246,244,6351,6358,6355,4000368,2449598,49.98,0.85
1,1,0,1,False,False,1,False,False,False,628,250,246,6351,6358,6355,3999600,2450000,50.0,0.85
1,1,0,1,False,False,1,False,False,False,629,248,245,6351,6358,6355,3999557,2450000,50.0,0.84
1,1,0,1,False,False,1,False,False,False,630,246,251,6351,6358,6355,4000000,2450385,50.0,0.85
1,1,0,1,False,False,1,False,False,False,631,246,249,6351,6358,6355,4000483,2450000,50.0,0.85
1,1,0,1,False,False,1,False,False,False,632,246,246,6351,6358,6355,4000256,2449590,50.0,0.86
1,1,0,1,False,False,1,False,False,False,633,242,246,6351,6358,6355,3999629,2450000,50.0,0.84
1,1,0,1,False,False,1,False,False,False,634,246,243,6351,6358,6355,4000000,2450216,50.0,0.83
1,1,0,1,False,False,1,False,False,False,635,247,246,6351,6358,6355,4000124,2450381,50.0,0.86
1,1,0,1,False,False,1,False,False,False,636,245,247,6351,6358,6355,4000035,2450000,50.0,0.86
1,1,0,1,False,False,1,False,False,False,637,245,242,6351,6358,6355,4000432,2450145,50.0,0.84
1,1,0,1,False,False,1,False,False,False,638,247,246,6351,6358,6355,4000417,2449734,50.0,0.85
1,1,0,1,False,False,1,False,False,False,639,249,245,6351,6358,6355,4000450,2449700,50.0,0.85
1,1,0,1,False,False,1,False,False,False,640,246,242,6351,6358,6355,4000150,2449913,50.0,0.83
1,1,0,1,False,False,1,False,False,False,641,245,245,6351,6358,6355,4000154,2449859,49.97,0.84
1,1,0,1,False,False,1,False,False,False,642,246,249,6351,6358,6355,4000072,2450000,50.03,0.83
1,1,0,1,False,False,1,False,False,False,643,246,251,6351,6358,6355,4000293,2450330,50.02,0.83
1,1,0,1,False,False,1,False,False,False,644,249,241,6351,6358,6355,4000064,2449822,50.02,0.86
1,1,0,1,False,False,1,False,False,False,645,242,249,6351,6358,6355,3999752,2449757,50.0,0.86
1,1,0,1,False,False,1,False,False,False,646,246,251,6351,6358,6355,3999874,2449577,50.0,0.85
1,1,0,1,False,False,1,False,False,False,647,242,251,6351,6358,6355,3999834,2450000,50.0,0.84
1,1,0,1,False,False,1,False,False,False,648,244,246,6351,6358,6355,3999744,2450000,50.04,0.85
1,1,0,1,False,False,1,False,False,False,649,243,247,6351,6358,6355,4000336,2450234,50.0,0.85
1,1,0,1,False,False,1,False,False,False,650,248,246,6351,6358,6355,3999560,2450054,50.05,0.85
1,1,0,1,False,False,1,False,False,False,651,250,246,6351,6358,6355,3999641,2449880,50.0,0.85
1,1,0,1,False,False,1,False,False,False,652,246,246,6351,6358,6355,4000000,2449698,50.0,0.85
1,1,0,1,False,False,1,False,False,False,653,246,248,6351,6358,6355,4000039,2450171,50.05,0.84
1,1,0,1,False,False,1,False,False,False,654,246,246,6351,6358,6355,4000282,2450151,50.01,0.84
1,1,0,1,False,False,1,False,False,False,655,246,246,6351,6358,6355,4000396,2450000,50.0,0.85
1,1,0,1,False,False,1,False,False,False,656,246,248,6351,6358,6355,3999757,2450000,50.0,0.84
1,1,0,1,False,False,1,False,False,False,657,251,244,6351,6358,6355,4000239,2449607,50.05,0.83
1,1,0,1,False,False,1,False,False,False,658,245,241,6351,6358,6355,4000000,2450022,50.0,0.84
1,1,0,1,False,False,1,False,False,False,659,242,243,6351,6358,6355,3999811,2450000,50.0,0.86
1,1,0,1,False,False,1,False,False,False,660,246,251,6351,6358,6355,4000000,2450000,50.0,0.86
1,1,0,1,False,False,1,False,False,False,661,242,250,6351,6358,6355,4000316,2450434,49.98,0.85
1,1,0,1,False,False,1,False,False,False,662,249,246,6351,6358,6355,4000221,2450460,49.99,0.85
1,1,0,1,False,False,1,False,False,False,663,246,246,6351,6358,6355,3999697,2450101,50.0,0.83
1,1,0,1,False,False,1,False,False,False,664,246,246,6351,6358,6355,4000292,2450403,50.0,0.83
1,1,0,1,False,False,1,False,False,False,665,246,251,6351,6358,6355,3999664,2449830,50.02,0.85
1,1,0,1,False,False,1,False,False,False,666,242,246,6351,6358,6355,3999971,2449770,50.05,0.85
1,1,0,1,False,False,1,False,False,False,667,242,244,6351,6358,6355,4000448,2450000,50.01,0.85
1,1,0,1,False,False,1,False,False,False,668,246,249,6351,6358,6355,4000000,2450000,50.02,0.85
1,1,0,1,False,False,1,False,False,False,669,247,247,6351,6358,6355,4000000,2450115,50.0,0.85
1,1,0,1,False,False,1,False,False,False,670,249,246,6351,6358,6355,4000000,2450368,50.04,0.84
1,1,0,1,False,False,1,False,False,False,671,250,246,6351,6358,6355,4000000,2450233,49.97,0.85
1,1,0,1,False,False,1,False,False,False,672,251,246,6351,6358,6355,4000000,2450426,49.99,0.84
1,1,0,1,False,False,1,False,False,False,673,242,241,6351,6358,6355,4000249,2450469,49.98,0.84
1,1,0,1,False,False,1,False,False,False,674,251,246,6351,6358,6355,4000000,2450194,50.02,0.85
1,1,0,1,False,False,1,False,False,False,675,246,243,6351,6358,6355,3999946,2450181,50.04,0.85
1,1,0,1,False,False,1,False,False,False,676,243,246,6351,6358,6355,3999926,2450401,50.04,0.85
1,1,0,1,False,False,1,False,False,False,677,251,249,6351,6358,6355,4000225,2450000,50.0,0.84
1,1,0,1,False,False,1,False,False,False,678,250,241,6351,6358,6355,4000398,2449832,50.03,0.85
1,1,0,1,False,False,1,False,False,False,679,244,246,6351,6358,6355,3999700,2450000,50.0,0.87
1,1,0,1,False,False,1,False,False,False,680,246,243,6351,6358,6355,4000315,2450000,49.99,0.86
1,1,0,1,False,False,1,False,False,False,681,244,243,6351,6358,6355,4000000,2450000,50.0,0.85
1,1,0,1,False,False,1,False,False,False,682,244,246,6351,6358,6355,4000000,2449752,49.95,0.85
1,1,0,1,False,False,1,False,False,False,683,243,244,6351,6358,6355,4000000,2450377,50.0,0.84
1,1,0,1,False,False,1,False,False,False,684,243,242,6351,6358,6355,3999979,2450000,50.0,0.86
1,1,0,1,False,False,1,False,False,False,685,246,241,6351,6358,6355,3999812,2449968,50.01,0.85
1,1,0,1,False,False,1,False,False,False,686,241,245,6351,6358,6355,4000219,2450243,50.0,0.84
1,1,0,1,False,False,1,False,False,False,687,246,246,6351,6358,6355,4000000,2450058,49.97,0.85
1,1,0,1,False,False,1,False,False,False,688,241,246,6351,6358,6355,4000000,2450000,50.03,0.86
1,1,0,1,False,False,1,False,False,False,689,246,244,6351,6358,6355,4000000,2450000,50.0,0.85
1,1,0,1,False,False,1,False,False,False,690,243,243,6351,6358,6355,4000000,2449529,50.0,0.84
1,1,0,1,False,False,1,False,False,False,691,246,246,6351,6358,6355,3999737,2450162,50.01,0.86
1,1,0,1,False,False,1,False,False,False,692,247,250,6351,6358,6355,4000000,2450000,50.0,0.86
1,1,0,1,False,False,1,False,False,False,693,246,246,6351,6358,6355,4000448,2450000,50.0,0.85
1,1,0,1,False,False,1,False,False,False,694,249,250,6351,6358,6355,3999847,2449923,49.96,0.83
1,1,0,1,False,False,1,False,False,False,695,246,246,6351,6358,6355,4000229,2450195,50.04,0.85
1,1,0,1,False,False,1,False,False,False,696,249,246,6351,6358,6355,3999504,2450000,50.01,0.83
1,1,0,1,False,False,1,False,False,False,697,246,243,6351,6358,6355,3999698,2449711,50.03,0.87
1,1,0,1,False,False,1,False,False,False,698,247,246,6351,6358,6355,4000298,2450000,50.0,0.85
1,1,0,1,False,False,1,False,False,False,699,244,247,6351,6358,6355,4000491,2450000,50.0,0.84
1,1,0,1,False,False,1,False,False,False,700,246,248,6351,6358,6355,3999689,2450000,50.0,0.85
1,1,0,1,False,False,1,False,False,False,701,243,245,6351,6358,6355,4000000,2450190,50.0,0.85
1,1,0,1,False,False,1,False,False,False,702,251,243,6351,6358,6355,4000000,2450000,50.03,0.84
1,1,0,1,False,False,1,False,False,False,703,244,246,6351,6358,6355,4000000,2449984,50.01,0.85
1,1,0,1,False,False,1,False,False,False,704,249,246,6351,6358,6355,4000000,2449728,49.96,0.84
1,1,0,1,False,False,1,False,False,False,705,246,246,6351,6358,6355,4000157,2449834,50.04,0.85
1,1,0,1,False,False,1,False,False,False,706,246,250,6351,6358,6355,3999521,2449627,50.0,0.85
1,1,0,1,False,False,1,False,False,False,707,244,248,6351,6358,6355,4000000,2450000,50.02,0.85
1,1,0,1,False,False,1,False,False,False,708,246,246,6351,6358,6355,4000000,2449852,50.0,0.84
1,1,0,1,False,False,1,False,False,False,709,250,246,6351,6358,6355,4000000,2450298,50.04,0.86
1,1,0,1,False,False,1,False,False,False,710,243,245,6351,6358,6355,4000028,2449706,50.0,0.84
1,1,0,1,False,False,1,False,False,False,711,250,249,6351,6358,6355,4000032,2449837,49.98,0.85
1,1,0,1,False,False,1,False,False,False,712,245,242,6351,6358,6355,4000000,2449736,50.0,0.85
1,1,0,1,False,False,1,False,False,False,713,248,243,6351,6358,6355,4000000,2450463,50.01,0.85
1,1,0,1,False,False,1,False,False,False,714,246,248,6351,6358,6355,4000259,2449978,49.98,0.85
1,1,0,1,False,False,1,False,False,False,715,247,250,6351,6358,6355,4000400,2450000,50.01,0.84
1,1,0,1,False,False,1,False,False,False,716,243,246,6351,6358,6355,4000000,2450322,50.0,0.85
1,1,0,1,False,False,1,False,False,False,717,242,246,6351,6358,6355,3999991,2449570,50.0,0.84
1,1,0,1,False,False,1,False,False,False,718,248,245,6351,6358,6355,4000091,2449974,50.03,0.83
1,1,0,1,False,False,1,False,False,False,719,248,248,6351,6358,6355,3999563,2449801,50.0,0.85
1,1,0,1,False,False,1,False,False,False,720,241,250,6351,6358,6355,3999666,2449532,50.0,0.84
1,1,0,1,False,False,1,False,False,False,721,246,242,6351,6358,6355,3999926,2449729,49.97,0.87
1,1,0,1,False,False,1,False,False,False,722,249,243,6351,6358,6355,3999864,2450343,49.97,0.86
1,1,0,1,False,False,1,False,False,False,723,243,245,6351,6358,6355,3999513,2450000,50.0,0.83
1,1,0,1,False,False,1,False,False,False,724,246,247,6351,6358,6355,4000426,2449739,50.04,0.85
1,1,0,1,False,False,1,False,False,False,725,246,244,6351,6358,6355,3999508,2449548,50.01,0.86
1,1,0,1,False,False,1,False,False,False,726,246,241,6351,6358,6355,4000000,2450000,50.04,0.86
1,1,0,1,False,False,1,False,False,False,727,246,244,6351,6358,6355,3999527,2450000,49.97,0.85
1,1,0,1,False,False,1,False,False,False,728,244,246,6351,6358,6355,3999523,2450236,49.98,0.85
1,1,0,1,False,False,1,False,False,False,729,243,246,6351,6358,6355,4000000,2450000,50.01,0.85
1,1,0,1,False,False,1,False,False,False,730,249,246,6351,6358,6355,4000000,2450245,50.04,0.85
1,1,0,1,False,False,1,False,False,False,731,246,246,6351,6358,6355,4000000,2449657,49.98,0.84
1,1,0,1,False,False,1,False,False,False,732,246,246,6351,6358,6355,4000381,2450000,50.03,0.85
1,1,0,1,False,False,1,False,False,False,733,243,249,6351,6358,6355,4000307,2450070,50.0,0.85
1,1,0,1,False,False,1,False,False,False,734,244,246,6351,6358,6355,4000000,2450000,50.0,0.86
1,1,0,1,False,False,1,False,False,False,735,244,246,6351,6358,6355,4000024,2449921,49.96,0.85
1,1,0,1,False,False,1,False,False,False,736,250,244,6351,6358,6355,4000000,2450000,49.97,0.87
1,1,0,1,False,False,1,False,False,False,737,244,246,6351,6358,6355,3999606,2450345,50.01,0.85
1,1,0,1,False,False,1,False,False,False,738,246,244,6351,6358,6355,4000277,2450022,49.96,0.84
1,1,0,1,False,False,1,False,False,False,739,248,245,6351,6358,6355,3999543,2449683,50.01,0.85
1,1,0,1,False,False,1,False,False,False,740,242,247,6351,6358,6355,4000000,2450362,50.0,0.85
1,1,0,1,False,False,1,False,False,False,741,247,251,6351,6358,6355,4000279,2450413,49.99,0.85
1,1,0,1,False,False,1,False,False,False,742,251,246,6351,6358,6355,4000000,2450000,49.99,0.83
1,1,0,1,False,False,1,False,False,False,743,246,248,6351,6358,6355,3999801,2450152,50.0,0.85
1,1,0,1,False,False,1,False,False,False,744,246,245,6351,6358,6355,4000000,2450132,50.0,0.84
1,1,0,1,False,False,1,False,False,False,745,243,249,6351,6358,6355,4000000,2450421,50.0,0.83
1,1,0,1,False,False,1,False,False,False,746,246,242,6351,6358,6355,4000000,2449728,50.01,0.85
1,1,0,1,False,False,1,False,False,False,747,247,247,6351,6358,6355,3999526,2449831,50.0,0.86
1,1,0,1,False,False,1,False,False,False,748,249,241,6351,6358,6355,4000492,2450121,49.97,0.85
1,1,0,1,False,False,1,False,False,False,749,249,247,6351,6358,6355,3999577,2449738,50.0,0.84
1,1,0,1,False,False,1,False,False,False,750,246,246,6351,6358,6355,4000000,2450000,50.04,0.85
1,1,0,1,False,False,1,False,False,False,751,245,243,6351,6358,6355,4000000,2449636,49.99,0.86
1,1,0,1,False,False,1,False,False,False,752,241,249,6351,6358,6355,4000149,2450000,50.0,0.85
1,1,0,1,False,False,1,False,False,False,753,244,243,6351,6358,6355,4000444,2449636,50.01,0.85
1,1,0,1,False,False,1,False,False,False,754,246,247,6351,6358,6355,4000000,2450219,50.05,0.84
1,1,0,1,False,False,1,False,False,False,755,246,249,6351,6358,6355,3999680,2449975,50.05,0.86
1,1,0,1,False,False,1,False,False,False,756,242,247,6351,6358,6355,4000196,2450000,50.0,0.86
1,1,0,1,False,False,1,False,False,False,757,250,242,6351,6358,6355,3999614,2450000,50.03,0.84
1,1,0,1,False,False,1,False,False,False,758,251,249,6351,6358,6355,4000000,2450084,50.0,0.87
1,1,0,1,False,False,1,False,False,False,759,246,243,6351,6358,6355,3999860,2450000,50.02,0.85
1,1,0,1,False,False,1,False,False,False,760,246,246,6351,6358,6355,4000000,2450475,50.02,0.84
1,1,0,1,False,False,1,False,False,False,761,244,246,6351,6358,6355,4000469,2449771,49.96,0.83
1,1,0,1,False,False,1,False,False,False,762,249,246,6351,6358,6355,4000000,2449637,50.03,0.86
1,1,0,1,False,False,1,False,False,False,763,246,247,6351,6358,6355,3999616,2449646,50.01,0.83
1,1,0,1,False,False,1,False,False,False,764,244,248,6351,6358,6355,4000203,2450061,50.0,0.84
1,1,0,1,False,False,1,False,False,False,765,246,246,6351,6358,6355,4000143,2450000,50.03,0.84
1,1,0,1,False,False,1,False,False,False,766,247,246,6351,6358,6355,4000000,2450000,49.96,0.83
1,1,0,1,False,False,1,False,False,False,767,246,246,6351,6358,6355,3999935,2450457,50.0,0.85
1,1,0,1,False,False,1,False,False,False,768,243,250,6351,6358,6355,3999916,2449715,49.97,0.85
1,1,0,1,False,False,1,False,False,False,769,245,247,6351,6358,6355,4000032,2450377,50.0,0.85
1,1,0,1,False,False,1,False,False,False,770,241,250,6351,6358,6355,3999646,2450466,49.95,0.84
1,1,0,1,False,False,1,False,False,False,771,243,242,6351,6358,6355,4000000,2450000,50.03,0.86
1,1,0,1,False,False,1,False,False,False,772,241,246,6351,6358,6355,4000000,2450000,50.0,0.85
1,1,0,1,False,False,1,False,False,False,773,249,243,6351,6358,6355,4000000,2450000,49.97,0.85
1,1,0,1,False,False,1,False,False,False,774,246,248,6351,6358,6355,4000108,2449590,49.97,0.84
1,1,0,1,False,False,1,False,False,False,775,247,249,6351,6358,6355,3999739,2449965,49.95,0.85
1,1,0,1,False,False,1,False,False,False,776,246,244,6351,6358,6355,4000000,2449774,49.96,0.85
1,1,0,1,False,False,1,False,False,False,777,250,244,6351,6358,6355,4000000,2450000,50.0,0.84
1,1,0,1,False,False,1,False,False,False,778,246,246,6351,6358,6355,4000272,2450359,50.04,0.86
1,1,0,1,False,False,1,False,False,False,779,246,244,6351,6358,6355,3999635,2450011,50.02,0.85
1,1,0,1,False,False,1,False,False,False,780,246,245,6351,6358,6355,4000000,2450452,49.97,0.85
1,1,0,1,False,False,1,False,False,False,781,246,247,6351,6358,6355,4000104,2450133,50.01,0.86
1,1,0,1,False,False,1,False,False,False,782,246,250,6351,6358,6355,3999792,2450033,50.0,0.85
1,1,0,1,False,False,1,False,False,False,783,246,246,6351,6358,6355,3999980,2450000,49.96,0.84
1,1,0,1,False,False,1,False,False,False,784,250,246,6351,6358,6355,4000339,2449672,50.04,0.83
1,1,0,1,False,False,1,False,False,False,785,246,242,6351,6358,6355,3999659,2450000,49.99,0.85
1,1,0,1,False,False,1,False,False,False,786,246,249,6351,6358,6355,4000000,2450000,49.98,0.87
1,1,0,1,False,False,1,False,False,False,787,246,248,6351,6358,6355,4000000,2450150,50.0,0.87
1,1,0,1,False,False,1,False,False,False,788,243,246,6351,6358,6355,4000000,2450000,50.0,0.85
1,1,0,1,False,False,1,False,False,False,789,246,242,6351,6358,6355,4000442,2449789,50.0,0.84
1,1,0,1,False,False,1,False,False,False,790,246,241,6351,6358,6355,4000151,2450000,50.02,0.86
1,1,0,1,False,False,1,False,False,False,791,246,248,6351,6358,6355,4000207,2450024,50.02,0.87
1,1,0,1,False,False,1,False,False,False,792,245,251,6351,6358,6355,4000458,2450387,49.99,0.85
1,1,0,1,False,False,1,False,False,False,793,244,246,6351,6358,6355,4000000,2450123,50.0,0.84
1,1,0,1,False,False,1,False,False,False,794,244,251,6351,6358,6355,4000000,2450000,50.02,0.85
1,1,0,1,False,False,1,False,False,False,795,251,246,6351,6358,6355,4000000,2450386,50.0,0.86
1,1,0,1,False,False,1,False,False,False,796,246,246,6351,6358,6355,3999714,2450298,50.0,0.84
1,1,0,1,False,False,1,False,False,False,797,246,246,6351,6358,6355,4000000,2450152,50.0,0.86
1,1,0,1,False,False,1,False,False,False,798,248,251,6351,6358,6355,4000000,2449848,50.0,0.84
1,1,0,1,False,False,1,False,False,False,799,246,246,6351,6358,6355,4000000,2449927,49.96,0.85
1,1,0,1,False,False,1,False,False,False,800,245,246,6351,6358,6355,3999830,2449867,50.0,0.83
1,1,0,1,False,False,1,False,False,False,801,246,246,6351,6358,6355,3999709,2450228,50.0,0.87
1,1,0,1,False,False,1,False,False,False,802,246,244,6351,6358,6355,4000000,2450248,49.95,0.87
1,1,0,1,False,False,1,False,False,False,803,250,249,6351,6358,6355,4000354,2449800,49.99,0.86
1,1,0,1,False,False,1,False,False,False,804,249,248,6351,6358,6355,4000000,2449619,50.02,0.85
1,1,0,1,False,False,1,False,False,False,805,246,247,6351,6358,6355,4000386,2449979,49.98,0.86
1,1,0,1,False,False,1,False,False,False,806,242,246,6351,6358,6355,3999530,2450000,50.02,0.85
1,1,0,1,False,False,1,False,False,False,807,246,249,6351,6358,6355,3999643,2449757,49.96,0.84
1,1,0,1,False,False,1,False,False,False,808,245,246,6351,6358,6355,4000293,2450000,50.04,0.85
1,1,0,1,False,False,1,False,False,False,809,244,246,6351,6358,6355,3999729,2450000,50.0,0.85
1,1,0,1,False,False,1,False,False,False,810,245,243,6351,6358,6355,4000000,2449790,50.0,0.84
1,1,0,1,False,False,1,False,False,False,811,250,245,6351,6358,6355,4000496,2449630,50.0,0.84
1,1,0,1,False,False,1,False,False,False,812,243,248,6351,6358,6355,4000000,2450000,50.04,0.85
1,1,0,1,False,False,1,False,False,False,813,242,246,6351,6358,6355,4000000,2449696,50.0,0.83
1,1,0,1,False,False,1,False,False,False,814,251,242,6351,6358,6355,4000019,2449585,49.99,0.85
1,1,0,1,False,False,1,False,False,False,815,248,249,6351,6358,6355,4000000,2450000,50.0,0.85
1,1,0,1,False,False,1,False,False,False,816,246,246,6351,6358,6355,4000277,2450105,50.0,0.84
1,1,0,1,False,False,1,False,False,False,817,247,250,6351,6358,6355,4000000,2449714,49.95,0.86
1,1,0,1,False,False,1,False,False,False,818,247,249,6351,6358,6355,4000325,2450000,49.97,0.85
1,1,0,1,False,False,1,False,False,False,819,247,243,6351,6358,6355,4000021,2450000,50.0,0.84
1,1,0,1,False,False,1,False,False,False,820,246,246,6351,6358,6355,3999554,2449675,50.0,0.84
1,1,0,1,False,False,1,False,False,False,821,246,245,6351,6358,6355,3999772,2450000,50.0,0.84
1,1,0,1,False,False,1,False,False,False,822,246,244,6351,6358,6355,4000000,2449966,50.01,0.86
1,1,0,1,False,False,1,False,False,False,823,242,246,6351,6358,6355,4000000,2450100,50.02,0.86
1,1,0,1,False,False,1,False,False,False,824,244,245,6351,6358,6355,4000092,2449896,50.0,0.85
1,1,0,1,False,False,1,False,False,False,825,242,248,6351,6358,6355,4000379,2450314,50.0,0.86
1,1,0,1,False,False,1,False,False,False,826,246,246,6351,6358,6355,3999526,2449923,50.01,0.85
1,1,0,1,False,False,1,False,False,False,827,241,250,6351,6358,6355,4000458,2450000,50.0,0.84
1,1,0,1,False,False,1,False,False,False,828,246,245,6351,6358,6355,4000464,2450360,50.05,0.83
1,1,0,1,False,False,1,False,False,False,829,244,241,6351,6358,6355,4000273,2449888,49.95,0.85
1,1,0,1,False,False,1,False,False,False,830,242,242,6351,6358,6355,4000311,2449960,50.04,0.87
1,1,0,1,False,False,1,False,False,False,831,250,242,6351,6358,6355,4000184,2450000,49.95,0.83
1,1,0,1,False,False,1,False,False,False,832,246,248,6351,6358,6355,4000000,2450000,50.02,0.85
